0.000000 0.199800 -0.020000
0.010000 0.199401 -0.039880
0.020000 0.198805 -0.059621
0.030000 0.198013 -0.079203
0.040000 0.197027 -0.098608
0.050000 0.195849 -0.117818
0.060000 0.194481 -0.136814
0.070000 0.192925 -0.155578
0.080000 0.191184 -0.174092
0.090000 0.189260 -0.192340
0.100000 0.187157 -0.210305
0.110000 0.184878 -0.227969
0.120000 0.182425 -0.245317
0.130000 0.179801 -0.262333
0.140000 0.177011 -0.279001
0.150000 0.174058 -0.295307
0.160000 0.170946 -0.311237
0.170000 0.167678 -0.326775
0.180000 0.164259 -0.341909
0.190000 0.160693 -0.356625
0.200000 0.156984 -0.370911
0.210000 0.153136 -0.384755
0.220000 0.149155 -0.398145
0.230000 0.145044 -0.411070
0.240000 0.140809 -0.423519
0.250000 0.136454 -0.435482
0.260000 0.131984 -0.446950
0.270000 0.127405 -0.457914
0.280000 0.122722 -0.468365
0.290000 0.117939 -0.478295
0.300000 0.113062 -0.487697
0.310000 0.108096 -0.496565
0.320000 0.103047 -0.504892
0.330000 0.097920 -0.512672
0.340000 0.092721 -0.519901
0.350000 0.087456 -0.526573
0.360000 0.082129 -0.532686
0.370000 0.076746 -0.538236
0.380000 0.071314 -0.543219
0.390000 0.065838 -0.547634
0.400000 0.060323 -0.551480
0.410000 0.054776 -0.554755
0.420000 0.049201 -0.557459
0.430000 0.043605 -0.559591
0.440000 0.037993 -0.561154
0.450000 0.032372 -0.562148
0.460000 0.026746 -0.562574
0.470000 0.021122 -0.562436
0.480000 0.015505 -0.561736
0.490000 0.009900 -0.560478
0.500000 0.004313 -0.558665
0.510000 -0.001250 -0.556303
0.520000 -0.006784 -0.553397
0.530000 -0.012283 -0.549951
0.540000 -0.017743 -0.545973
0.550000 -0.023158 -0.541469
0.560000 -0.028522 -0.536446
0.570000 -0.033831 -0.530911
0.580000 -0.039080 -0.524874
0.590000 -0.044264 -0.518341
0.600000 -0.049377 -0.511323
0.610000 -0.054415 -0.503829
0.620000 -0.059374 -0.495868
0.630000 -0.064248 -0.487452
0.640000 -0.069034 -0.478590
0.650000 -0.073727 -0.469293
0.660000 -0.078323 -0.459574
0.670000 -0.082817 -0.449444
0.680000 -0.087206 -0.438915
0.690000 -0.091486 -0.428000
0.700000 -0.095654 -0.416711
0.710000 -0.099704 -0.405062
0.720000 -0.103635 -0.393066
0.730000 -0.107442 -0.380738
0.740000 -0.111123 -0.368090
0.750000 -0.114674 -0.355137
0.760000 -0.118093 -0.341894
0.770000 -0.121377 -0.328375
0.780000 -0.124523 -0.314595
0.790000 -0.127529 -0.300570
0.800000 -0.130392 -0.286314
0.810000 -0.133110 -0.271844
0.820000 -0.135682 -0.257173
0.830000 -0.138105 -0.242319
0.840000 -0.140378 -0.227297
0.850000 -0.142499 -0.212123
0.860000 -0.144468 -0.196812
0.870000 -0.146281 -0.181382
0.880000 -0.147940 -0.165846
0.890000 -0.149442 -0.150223
0.900000 -0.150787 -0.134528
0.910000 -0.151975 -0.118777
0.920000 -0.153005 -0.102985
0.930000 -0.153877 -0.087170
0.940000 -0.154590 -0.071346
0.950000 -0.155145 -0.055530
0.960000 -0.155543 -0.039738
0.970000 -0.155783 -0.023985
0.980000 -0.155866 -0.008287
0.990000 -0.155792 0.007341
1.000000 -0.155563 0.022883
1.010000 -0.155180 0.038325
1.020000 -0.154644 0.053652
1.030000 -0.153955 0.068848
1.040000 -0.153116 0.083899
1.050000 -0.152128 0.098791
1.060000 -0.150993 0.113510
1.070000 -0.149713 0.128042
1.080000 -0.148289 0.142373
1.090000 -0.146724 0.156490
1.100000 -0.145020 0.170380
1.110000 -0.143180 0.184030
1.120000 -0.141206 0.197428
1.130000 -0.139100 0.210561
1.140000 -0.136866 0.223418
1.150000 -0.134506 0.235988
1.160000 -0.132023 0.248259
1.170000 -0.129421 0.260220
1.180000 -0.126703 0.271861
1.190000 -0.123871 0.283172
1.200000 -0.120929 0.294143
1.210000 -0.117882 0.304765
1.220000 -0.114732 0.315029
1.230000 -0.111482 0.324927
1.240000 -0.108138 0.334451
1.250000 -0.104702 0.343593
1.260000 -0.101178 0.352345
1.270000 -0.097571 0.360701
1.280000 -0.093885 0.368655
1.290000 -0.090123 0.376200
1.300000 -0.086289 0.383331
1.310000 -0.082389 0.390043
1.320000 -0.078426 0.396332
1.330000 -0.074404 0.402193
1.340000 -0.070328 0.407622
1.350000 -0.066201 0.412617
1.360000 -0.062030 0.417174
1.370000 -0.057817 0.421291
1.380000 -0.053567 0.424966
1.390000 -0.049285 0.428198
1.400000 -0.044975 0.430986
1.410000 -0.040642 0.433328
1.420000 -0.036290 0.435226
1.430000 -0.031923 0.436679
1.440000 -0.027546 0.437688
1.450000 -0.023164 0.438254
1.460000 -0.018780 0.438379
1.470000 -0.014399 0.438065
1.480000 -0.010026 0.437315
1.490000 -0.005665 0.436131
1.500000 -0.001319 0.434516
1.510000 0.003005 0.432476
1.520000 0.007305 0.430013
1.530000 0.011577 0.427132
1.540000 0.015815 0.423839
1.550000 0.020017 0.420138
1.560000 0.024177 0.416036
1.570000 0.028292 0.411538
1.580000 0.032359 0.406651
1.590000 0.036373 0.401382
1.600000 0.040330 0.395738
1.610000 0.044227 0.389726
1.620000 0.048061 0.383355
1.630000 0.051827 0.376632
1.640000 0.055523 0.369566
1.650000 0.059144 0.362166
1.660000 0.062689 0.354441
1.670000 0.066153 0.346400
1.680000 0.069533 0.338052
1.690000 0.072827 0.329409
1.700000 0.076032 0.320479
1.710000 0.079145 0.311273
1.720000 0.082163 0.301802
1.730000 0.085084 0.292077
1.740000 0.087905 0.282108
1.750000 0.090624 0.271907
1.760000 0.093239 0.261485
1.770000 0.095747 0.250854
1.780000 0.098148 0.240025
1.790000 0.100438 0.229010
1.800000 0.102616 0.217821
1.810000 0.104681 0.206471
1.820000 0.106630 0.194970
1.830000 0.108464 0.183332
1.840000 0.110179 0.171569
1.850000 0.111776 0.159694
1.860000 0.113253 0.147718
1.870000 0.114610 0.135654
1.880000 0.115845 0.123514
1.890000 0.116958 0.111312
1.900000 0.117949 0.099060
1.910000 0.118816 0.086770
1.920000 0.119561 0.074454
1.930000 0.120182 0.062126
1.940000 0.120680 0.049797
1.950000 0.121055 0.037480
1.960000 0.121307 0.025187
1.970000 0.121436 0.012930
1.980000 0.121443 0.000722
1.990000 0.121329 -0.011426
2.000000 0.121094 -0.023502
2.010000 0.120739 -0.035494
2.020000 0.120265 -0.047390
2.030000 0.119674 -0.059180
2.040000 0.118965 -0.070851
2.050000 0.118141 -0.082393
2.060000 0.117203 -0.093795
2.070000 0.116153 -0.105047
2.080000 0.114991 -0.116137
2.090000 0.113721 -0.127055
2.100000 0.112343 -0.137792
2.110000 0.110859 -0.148337
2.120000 0.109273 -0.158682
2.130000 0.107585 -0.168815
2.140000 0.105797 -0.178730
2.150000 0.103913 -0.188416
2.160000 0.101934 -0.197865
2.170000 0.099864 -0.207069
2.180000 0.097703 -0.216020
2.190000 0.095456 -0.224711
2.200000 0.093125 -0.233133
2.210000 0.090712 -0.241279
2.220000 0.088221 -0.249144
2.230000 0.085654 -0.256721
2.240000 0.083014 -0.264002
2.250000 0.080304 -0.270984
2.260000 0.077527 -0.277659
2.270000 0.074687 -0.284024
2.280000 0.071786 -0.290072
2.290000 0.068828 -0.295800
2.300000 0.065816 -0.301204
2.310000 0.062753 -0.306280
2.320000 0.059643 -0.311024
2.330000 0.056489 -0.315433
2.340000 0.053294 -0.319505
2.350000 0.050061 -0.323237
2.360000 0.046795 -0.326627
2.370000 0.043498 -0.329673
2.380000 0.040175 -0.332374
2.390000 0.036827 -0.334730
2.400000 0.033460 -0.336739
2.410000 0.030076 -0.338401
2.420000 0.026679 -0.339717
2.430000 0.023272 -0.340686
2.440000 0.019859 -0.341310
2.450000 0.016443 -0.341589
2.460000 0.013028 -0.341526
2.470000 0.009616 -0.341121
2.480000 0.006213 -0.340377
2.490000 0.002820 -0.339296
2.500000 -0.000559 -0.337882
2.510000 -0.003920 -0.336136
2.520000 -0.007261 -0.334064
2.530000 -0.010578 -0.331667
2.540000 -0.013867 -0.328951
2.550000 -0.017126 -0.325920
2.560000 -0.020352 -0.322577
2.570000 -0.023542 -0.318929
2.580000 -0.026691 -0.314980
2.590000 -0.029799 -0.310736
2.600000 -0.032861 -0.306203
2.610000 -0.035875 -0.301386
2.620000 -0.038838 -0.296291
2.630000 -0.041747 -0.290926
2.640000 -0.044600 -0.285297
2.650000 -0.047394 -0.279410
2.660000 -0.050127 -0.273274
2.670000 -0.052796 -0.266895
2.680000 -0.055398 -0.260281
2.690000 -0.057933 -0.253440
2.700000 -0.060397 -0.246379
2.710000 -0.062788 -0.239108
2.720000 -0.065104 -0.231633
2.730000 -0.067344 -0.223965
2.740000 -0.069505 -0.216111
2.750000 -0.071586 -0.208080
2.760000 -0.073584 -0.199881
2.770000 -0.075500 -0.191523
2.780000 -0.077330 -0.183015
2.790000 -0.079073 -0.174367
2.800000 -0.080729 -0.165588
2.810000 -0.082296 -0.156687
2.820000 -0.083773 -0.147674
2.830000 -0.085158 -0.138558
2.840000 -0.086452 -0.129350
2.850000 -0.087653 -0.120058
2.860000 -0.088759 -0.110692
2.870000 -0.089772 -0.101263
2.880000 -0.090690 -0.091779
2.890000 -0.091512 -0.082252
2.900000 -0.092239 -0.072689
2.910000 -0.092870 -0.063102
2.920000 -0.093405 -0.053499
2.930000 -0.093844 -0.043891
2.940000 -0.094187 -0.034287
2.950000 -0.094434 -0.024697
2.960000 -0.094585 -0.015130
2.970000 -0.094641 -0.005596
2.980000 -0.094602 0.003896
2.990000 -0.094469 0.013337
3.000000 -0.094242 0.022717
3.010000 -0.093922 0.032028
3.020000 -0.093509 0.041260
3.030000 -0.093005 0.050404
3.040000 -0.092410 0.059453
3.050000 -0.091726 0.068397
3.060000 -0.090954 0.077227
3.070000 -0.090095 0.085936
3.080000 -0.089150 0.094516
3.090000 -0.088120 0.102959
3.100000 -0.087007 0.111256
3.110000 -0.085813 0.119400
3.120000 -0.084540 0.127385
3.130000 -0.083188 0.135202
3.140000 -0.081759 0.142844
3.150000 -0.080256 0.150306
3.160000 -0.078680 0.157580
3.170000 -0.077034 0.164660
3.180000 -0.075318 0.171540
3.190000 -0.073536 0.178215
3.200000 -0.071689 0.184677
3.210000 -0.069780 0.190923
3.220000 -0.067811 0.196946
3.230000 -0.065783 0.202742
3.240000 -0.063700 0.208307
3.250000 -0.061564 0.213635
3.260000 -0.059377 0.218724
3.270000 -0.057141 0.223568
3.280000 -0.054859 0.228164
3.290000 -0.052534 0.232509
3.300000 -0.050168 0.236600
3.310000 -0.047764 0.240434
3.320000 -0.045324 0.244008
3.330000 -0.042851 0.247320
3.340000 -0.040347 0.250369
3.350000 -0.037815 0.253152
3.360000 -0.035259 0.255667
3.370000 -0.032680 0.257915
3.380000 -0.030081 0.259893
3.390000 -0.027465 0.261602
3.400000 -0.024834 0.263040
3.410000 -0.022192 0.264209
3.420000 -0.019541 0.265107
3.430000 -0.016884 0.265735
3.440000 -0.014223 0.266095
3.450000 -0.011561 0.266187
3.460000 -0.008901 0.266012
3.470000 -0.006245 0.265572
3.480000 -0.003596 0.264869
3.490000 -0.000957 0.263904
3.500000 0.001670 0.262680
3.510000 0.004282 0.261200
3.520000 0.006876 0.259466
3.530000 0.009451 0.257481
3.540000 0.012003 0.255248
3.550000 0.014531 0.252772
3.560000 0.017032 0.250055
3.570000 0.019503 0.247101
3.580000 0.021942 0.243915
3.590000 0.024347 0.240502
3.600000 0.026716 0.236864
3.610000 0.029046 0.233009
3.620000 0.031335 0.228939
3.630000 0.033582 0.224661
3.640000 0.035783 0.220179
3.650000 0.037938 0.215500
3.660000 0.040045 0.210629
3.670000 0.042100 0.205571
3.680000 0.044104 0.200333
3.690000 0.046053 0.194921
3.700000 0.047946 0.189341
3.710000 0.049782 0.183600
3.720000 0.051559 0.177704
3.730000 0.053276 0.171659
3.740000 0.054931 0.165473
3.750000 0.056522 0.159153
3.760000 0.058049 0.152705
3.770000 0.059511 0.146136
3.780000 0.060905 0.139455
3.790000 0.062232 0.132667
3.800000 0.063490 0.125780
3.810000 0.064678 0.118802
3.820000 0.065795 0.111741
3.830000 0.066841 0.104602
3.840000 0.067815 0.097395
3.850000 0.068716 0.090127
3.860000 0.069544 0.082805
3.870000 0.070299 0.075436
3.880000 0.070979 0.068029
3.890000 0.071585 0.060591
3.900000 0.072116 0.053130
3.910000 0.072573 0.045652
3.920000 0.072954 0.038167
3.930000 0.073261 0.030680
3.940000 0.073493 0.023201
3.950000 0.073651 0.015736
3.960000 0.073734 0.008292
3.970000 0.073742 0.000877
3.980000 0.073677 -0.006502
3.990000 0.073539 -0.013837
4.000000 0.073328 -0.021121
4.010000 0.073044 -0.028349
4.020000 0.072689 -0.035511
4.030000 0.072263 -0.042603
4.040000 0.071767 -0.049616
4.050000 0.071201 -0.056545
4.060000 0.070568 -0.063382
4.070000 0.069866 -0.070122
4.080000 0.069099 -0.076758
4.090000 0.068266 -0.083284
4.100000 0.067369 -0.089694
4.110000 0.066409 -0.095983
4.120000 0.065388 -0.102144
4.130000 0.064306 -0.108172
4.140000 0.063165 -0.114061
4.150000 0.061967 -0.119808
4.160000 0.060713 -0.125405
4.170000 0.059405 -0.130850
4.180000 0.058043 -0.136136
4.190000 0.056631 -0.141260
4.200000 0.055169 -0.146216
4.210000 0.053659 -0.151002
4.220000 0.052103 -0.155613
4.230000 0.050502 -0.160045
4.240000 0.048859 -0.164295
4.250000 0.047176 -0.168360
4.260000 0.045453 -0.172235
4.270000 0.043694 -0.175920
4.280000 0.041900 -0.179409
4.290000 0.040073 -0.182702
4.300000 0.038215 -0.185796
4.310000 0.036328 -0.188689
4.320000 0.034414 -0.191378
4.330000 0.032476 -0.193863
4.340000 0.030514 -0.196141
4.350000 0.028532 -0.198211
4.360000 0.026531 -0.200074
4.370000 0.024514 -0.201726
4.380000 0.022482 -0.203169
4.390000 0.020438 -0.204402
4.400000 0.018384 -0.205423
4.410000 0.016322 -0.206235
4.420000 0.014253 -0.206836
4.430000 0.012181 -0.207227
4.440000 0.010107 -0.207409
4.450000 0.008033 -0.207383
4.460000 0.005962 -0.207149
4.470000 0.003895 -0.206709
4.480000 0.001834 -0.206065
4.490000 -0.000218 -0.205218
4.500000 -0.002260 -0.204171
4.510000 -0.004289 -0.202924
4.520000 -0.006304 -0.201480
4.530000 -0.008302 -0.199842
4.540000 -0.010282 -0.198013
4.550000 -0.012242 -0.195995
4.560000 -0.014180 -0.193790
4.570000 -0.016094 -0.191403
4.580000 -0.017983 -0.188837
4.590000 -0.019844 -0.186095
4.600000 -0.021675 -0.183180
4.610000 -0.023476 -0.180096
4.620000 -0.025245 -0.176848
4.630000 -0.026979 -0.173439
4.640000 -0.028678 -0.169874
4.650000 -0.030340 -0.166157
4.660000 -0.031962 -0.162292
4.670000 -0.033545 -0.158285
4.680000 -0.035087 -0.154139
4.690000 -0.036585 -0.149859
4.700000 -0.038040 -0.145452
4.710000 -0.039449 -0.140920
4.720000 -0.040812 -0.136271
4.730000 -0.042127 -0.131508
4.740000 -0.043393 -0.126638
4.750000 -0.044610 -0.121666
4.760000 -0.045776 -0.116596
4.770000 -0.046890 -0.111436
4.780000 -0.047952 -0.106189
4.790000 -0.048961 -0.100863
4.800000 -0.049915 -0.095463
4.810000 -0.050815 -0.089994
4.820000 -0.051660 -0.084463
4.830000 -0.052449 -0.078874
4.840000 -0.053181 -0.073235
4.850000 -0.053857 -0.067551
4.860000 -0.054475 -0.061827
4.870000 -0.055035 -0.056071
4.880000 -0.055538 -0.050287
4.890000 -0.055983 -0.044482
4.900000 -0.056370 -0.038661
4.910000 -0.056698 -0.032831
4.920000 -0.056968 -0.026997
4.930000 -0.057180 -0.021165
4.940000 -0.057333 -0.015341
4.950000 -0.057428 -0.009531
4.960000 -0.057466 -0.003741
4.970000 -0.057446 0.002025
4.980000 -0.057368 0.007759
4.990000 -0.057233 0.013457
5.000000 -0.057042 0.019113
5.010000 -0.056795 0.024722
5.020000 -0.056492 0.030278
5.030000 -0.056135 0.035776
5.040000 -0.055722 0.041210
5.050000 -0.055257 0.046576
5.060000 -0.054738 0.051869
5.070000 -0.054167 0.057084
5.080000 -0.053545 0.062215
5.090000 -0.052872 0.067258
5.100000 -0.052150 0.072209
5.110000 -0.051380 0.077063
5.120000 -0.050562 0.081816
5.130000 -0.049697 0.086463
5.140000 -0.048787 0.091000
5.150000 -0.047833 0.095424
5.160000 -0.046835 0.099730
5.170000 -0.045796 0.103915
5.180000 -0.044716 0.107975
5.190000 -0.043597 0.111907
5.200000 -0.042440 0.115707
5.210000 -0.041247 0.119373
5.220000 -0.040018 0.122900
5.230000 -0.038755 0.126288
5.240000 -0.037459 0.129532
5.250000 -0.036133 0.132630
5.260000 -0.034777 0.135580
5.270000 -0.033393 0.138380
5.280000 -0.031983 0.141027
5.290000 -0.030548 0.143521
5.300000 -0.029089 0.145858
5.310000 -0.027609 0.148037
5.320000 -0.026108 0.150058
5.330000 -0.024589 0.151919
5.340000 -0.023053 0.153618
5.350000 -0.021502 0.155155
5.360000 -0.019936 0.156530
5.370000 -0.018359 0.157741
5.380000 -0.016771 0.158788
5.390000 -0.015174 0.159671
5.400000 -0.013570 0.160390
5.410000 -0.011961 0.160945
5.420000 -0.010348 0.161336
5.430000 -0.008732 0.161565
5.440000 -0.007116 0.161630
5.450000 -0.005500 0.161533
5.460000 -0.003887 0.161276
5.470000 -0.002279 0.160858
5.480000 -0.000676 0.160282
5.490000 0.000919 0.159548
5.500000 0.002506 0.158658
5.510000 0.004082 0.157614
5.520000 0.005646 0.156418
5.530000 0.007197 0.155071
5.540000 0.008733 0.153576
5.550000 0.010252 0.151935
5.560000 0.011754 0.150150
5.570000 0.013236 0.148224
5.580000 0.014697 0.146159
5.590000 0.016137 0.143959
5.600000 0.017553 0.141625
5.610000 0.018945 0.139162
5.620000 0.020311 0.136572
5.630000 0.021649 0.133858
5.640000 0.022959 0.131023
5.650000 0.024240 0.128072
5.660000 0.025490 0.125008
5.670000 0.026709 0.121834
5.680000 0.027894 0.118554
5.690000 0.029046 0.115172
5.700000 0.030163 0.111691
5.710000 0.031244 0.108117
5.720000 0.032288 0.104452
5.730000 0.033295 0.100700
5.740000 0.034264 0.096867
5.750000 0.035194 0.092957
5.760000 0.036083 0.088973
5.770000 0.036933 0.084919
5.780000 0.037741 0.080801
5.790000 0.038507 0.076623
5.800000 0.039231 0.072390
5.810000 0.039912 0.068105
5.820000 0.040550 0.063773
5.830000 0.041144 0.059399
5.840000 0.041693 0.054988
5.850000 0.042199 0.050543
5.860000 0.042660 0.046071
5.870000 0.043075 0.041575
5.880000 0.043446 0.037059
5.890000 0.043771 0.032529
5.900000 0.044051 0.027989
5.910000 0.044285 0.023444
5.920000 0.044474 0.018899
5.930000 0.044618 0.014357
5.940000 0.044716 0.009823
5.950000 0.044769 0.005302
5.960000 0.044777 0.000799
5.970000 0.044740 -0.003683
5.980000 0.044659 -0.008138
5.990000 0.044533 -0.012564
6.000000 0.044364 -0.016954
6.010000 0.044151 -0.021306
6.020000 0.043895 -0.025614
6.030000 0.043596 -0.029876
6.040000 0.043255 -0.034086
6.050000 0.042873 -0.038241
6.060000 0.042449 -0.042337
6.070000 0.041986 -0.046370
6.080000 0.041482 -0.050337
6.090000 0.040940 -0.054234
6.100000 0.040359 -0.058056
6.110000 0.039741 -0.061802
6.120000 0.039087 -0.065467
6.130000 0.038396 -0.069048
6.140000 0.037671 -0.072543
6.150000 0.036911 -0.075947
6.160000 0.036119 -0.079259
6.170000 0.035294 -0.082474
6.180000 0.034438 -0.085591
6.190000 0.033552 -0.088607
6.200000 0.032637 -0.091519
6.210000 0.031693 -0.094325
6.220000 0.030723 -0.097023
6.230000 0.029727 -0.099610
6.240000 0.028706 -0.102085
6.250000 0.027662 -0.104445
6.260000 0.026595 -0.106689
6.270000 0.025507 -0.108815
6.280000 0.024399 -0.110822
6.290000 0.023272 -0.112707
6.300000 0.022127 -0.114471
6.310000 0.020966 -0.116111
6.320000 0.019789 -0.117627
6.330000 0.018599 -0.119018
6.340000 0.017396 -0.120283
6.350000 0.016182 -0.121421
6.360000 0.014958 -0.122432
6.370000 0.013725 -0.123316
6.380000 0.012484 -0.124072
6.390000 0.011237 -0.124700
6.400000 0.009985 -0.125200
6.410000 0.008729 -0.125573
6.420000 0.007471 -0.125818
6.430000 0.006212 -0.125936
6.440000 0.004952 -0.125927
6.450000 0.003695 -0.125793
6.460000 0.002439 -0.125533
6.470000 0.001188 -0.125150
6.480000 -0.000059 -0.124643
6.490000 -0.001299 -0.124014
6.500000 -0.002531 -0.123264
6.510000 -0.003755 -0.122394
6.520000 -0.004969 -0.121407
6.530000 -0.006173 -0.120303
6.540000 -0.007363 -0.119084
6.550000 -0.008541 -0.117752
6.560000 -0.009704 -0.116309
6.570000 -0.010852 -0.114757
6.580000 -0.011983 -0.113098
6.590000 -0.013096 -0.111335
6.600000 -0.014191 -0.109468
6.610000 -0.015266 -0.107502
6.620000 -0.016320 -0.105438
6.630000 -0.017353 -0.103279
6.640000 -0.018363 -0.101027
6.650000 -0.019350 -0.098686
6.660000 -0.020312 -0.096257
6.670000 -0.021250 -0.093745
6.680000 -0.022161 -0.091151
6.690000 -0.023046 -0.088479
6.700000 -0.023904 -0.085732
6.710000 -0.024733 -0.082913
6.720000 -0.025533 -0.080025
6.730000 -0.026304 -0.077072
6.740000 -0.027044 -0.074056
6.750000 -0.027754 -0.070981
6.760000 -0.028432 -0.067851
6.770000 -0.029079 -0.064669
6.780000 -0.029694 -0.061437
6.790000 -0.030275 -0.058161
6.800000 -0.030824 -0.054842
6.810000 -0.031338 -0.051486
6.820000 -0.031819 -0.048095
6.830000 -0.032266 -0.044672
6.840000 -0.032678 -0.041222
6.850000 -0.033056 -0.037748
6.860000 -0.033398 -0.034254
6.870000 -0.033706 -0.030743
6.880000 -0.033978 -0.027219
6.890000 -0.034215 -0.023685
6.900000 -0.034416 -0.020145
6.910000 -0.034582 -0.016602
6.920000 -0.034713 -0.013061
6.930000 -0.034808 -0.009525
6.940000 -0.034868 -0.005996
6.950000 -0.034893 -0.002479
6.960000 -0.034883 0.001022
6.970000 -0.034838 0.004506
6.980000 -0.034758 0.007967
6.990000 -0.034644 0.011403
7.000000 -0.034496 0.014810
7.010000 -0.034314 0.018186
7.020000 -0.034099 0.021526
7.030000 -0.033850 0.024828
7.040000 -0.033570 0.028089
7.050000 -0.033256 0.031306
7.060000 -0.032912 0.034475
7.070000 -0.032536 0.037594
7.080000 -0.032129 0.040659
7.090000 -0.031693 0.043669
7.100000 -0.031226 0.046620
7.110000 -0.030731 0.049509
7.120000 -0.030208 0.052335
7.130000 -0.029657 0.055094
7.140000 -0.029079 0.057784
7.150000 -0.028475 0.060403
7.160000 -0.027846 0.062949
7.170000 -0.027191 0.065419
7.180000 -0.026513 0.067811
7.190000 -0.025812 0.070123
7.200000 -0.025089 0.072353
7.210000 -0.024344 0.074501
7.220000 -0.023578 0.076562
7.230000 -0.022793 0.078537
7.240000 -0.021988 0.080424
7.250000 -0.021166 0.082221
7.260000 -0.020327 0.083926
7.270000 -0.019471 0.085539
7.280000 -0.018601 0.087059
7.290000 -0.017716 0.088483
7.300000 -0.016818 0.089813
7.310000 -0.015907 0.091045
7.320000 -0.014986 0.092181
7.330000 -0.014053 0.093218
7.340000 -0.013112 0.094158
7.350000 -0.012162 0.094998
7.360000 -0.011204 0.095739
7.370000 -0.010241 0.096381
7.380000 -0.009271 0.096923
7.390000 -0.008298 0.097366
7.400000 -0.007321 0.097709
7.410000 -0.006341 0.097952
7.420000 -0.005360 0.098097
7.430000 -0.004379 0.098142
7.440000 -0.003398 0.098089
7.450000 -0.002418 0.097939
7.460000 -0.001442 0.097691
7.470000 -0.000468 0.097346
7.480000 0.000501 0.096907
7.490000 0.001465 0.096372
7.500000 0.002422 0.095744
7.510000 0.003372 0.095023
7.520000 0.004314 0.094210
7.530000 0.005248 0.093308
7.540000 0.006171 0.092317
7.550000 0.007083 0.091238
7.560000 0.007984 0.090073
7.570000 0.008872 0.088825
7.580000 0.009747 0.087493
7.590000 0.010608 0.086081
7.600000 0.011454 0.084590
7.610000 0.012284 0.083022
7.620000 0.013098 0.081378
7.630000 0.013894 0.079662
7.640000 0.014673 0.077874
7.650000 0.015433 0.076017
7.660000 0.016174 0.074094
7.670000 0.016895 0.072106
7.680000 0.017596 0.070056
7.690000 0.018275 0.067946
7.700000 0.018933 0.065779
7.710000 0.019569 0.063556
7.720000 0.020181 0.061282
7.730000 0.020771 0.058957
7.740000 0.021337 0.056585
7.750000 0.021878 0.054169
7.760000 0.022396 0.051710
7.770000 0.022888 0.049212
7.780000 0.023354 0.046677
7.790000 0.023796 0.044108
7.800000 0.024211 0.041508
7.810000 0.024599 0.038880
7.820000 0.024962 0.036225
7.830000 0.025297 0.033548
7.840000 0.025606 0.030851
7.850000 0.025887 0.028136
7.860000 0.026141 0.025406
7.870000 0.026368 0.022665
7.880000 0.026567 0.019915
7.890000 0.026739 0.017159
7.900000 0.026882 0.014399
7.910000 0.026999 0.011639
7.920000 0.027088 0.008881
7.930000 0.027149 0.006128
7.940000 0.027183 0.003382
7.950000 0.027189 0.000647
7.960000 0.027169 -0.002075
7.970000 0.027121 -0.004782
7.980000 0.027046 -0.007470
7.990000 0.026945 -0.010137
8.000000 0.026817 -0.012781
8.010000 0.026663 -0.015399
8.020000 0.026483 -0.017988
8.030000 0.026277 -0.020546
8.040000 0.026047 -0.023071
8.050000 0.025791 -0.025561
8.060000 0.025511 -0.028012
8.070000 0.025207 -0.030423
8.080000 0.024879 -0.032792
8.090000 0.024528 -0.035116
8.100000 0.024154 -0.037393
8.110000 0.023758 -0.039621
8.120000 0.023340 -0.041799
8.130000 0.022900 -0.043924
8.140000 0.022440 -0.045994
8.150000 0.021960 -0.048008
8.160000 0.021461 -0.049964
8.170000 0.020942 -0.051860
8.180000 0.020405 -0.053695
8.190000 0.019850 -0.055467
8.200000 0.019279 -0.057175
8.210000 0.018691 -0.058817
8.220000 0.018087 -0.060392
8.230000 0.017468 -0.061899
8.240000 0.016834 -0.063336
8.250000 0.016187 -0.064703
8.260000 0.015527 -0.065998
8.270000 0.014855 -0.067221
8.280000 0.014171 -0.068370
8.290000 0.013477 -0.069445
8.300000 0.012772 -0.070446
8.310000 0.012059 -0.071371
8.320000 0.011337 -0.072220
8.330000 0.010607 -0.072993
8.340000 0.009870 -0.073688
8.350000 0.009127 -0.074307
8.360000 0.008378 -0.074848
8.370000 0.007625 -0.075311
8.380000 0.006868 -0.075697
8.390000 0.006108 -0.076006
8.400000 0.005346 -0.076237
8.410000 0.004582 -0.076390
8.420000 0.003817 -0.076466
8.430000 0.003052 -0.076466
8.440000 0.002289 -0.076388
8.450000 0.001526 -0.076235
8.460000 0.000766 -0.076007
8.470000 0.000009 -0.075703
8.480000 -0.000744 -0.075326
8.490000 -0.001493 -0.074875
8.500000 -0.002236 -0.074351
8.510000 -0.002974 -0.073756
8.520000 -0.003705 -0.073089
8.530000 -0.004428 -0.072354
8.540000 -0.005144 -0.071549
8.550000 -0.005851 -0.070677
8.560000 -0.006548 -0.069738
8.570000 -0.007235 -0.068735
8.580000 -0.007912 -0.067668
8.590000 -0.008577 -0.066538
8.600000 -0.009231 -0.065348
8.610000 -0.009872 -0.064098
8.620000 -0.010500 -0.062790
8.630000 -0.011114 -0.061426
8.640000 -0.011714 -0.060008
8.650000 -0.012299 -0.058536
8.660000 -0.012870 -0.057014
8.670000 -0.013424 -0.055442
8.680000 -0.013962 -0.053822
8.690000 -0.014484 -0.052157
8.700000 -0.014988 -0.050447
8.710000 -0.015475 -0.048696
8.720000 -0.015944 -0.046905
8.730000 -0.016395 -0.045076
8.740000 -0.016827 -0.043212
8.750000 -0.017240 -0.041313
8.760000 -0.017634 -0.039382
8.770000 -0.018008 -0.037422
8.780000 -0.018363 -0.035434
8.790000 -0.018697 -0.033420
8.800000 -0.019011 -0.031384
8.810000 -0.019304 -0.029326
8.820000 -0.019576 -0.027249
8.830000 -0.019828 -0.025155
8.840000 -0.020059 -0.023046
8.850000 -0.020268 -0.020925
8.860000 -0.020456 -0.018794
8.870000 -0.020622 -0.016654
8.880000 -0.020767 -0.014509
8.890000 -0.020891 -0.012359
8.900000 -0.020993 -0.010209
8.910000 -0.021074 -0.008058
8.920000 -0.021133 -0.005911
8.930000 -0.021170 -0.003768
8.940000 -0.021187 -0.001632
8.950000 -0.021182 0.000495
8.960000 -0.021156 0.002611
8.970000 -0.021108 0.004713
8.980000 -0.021040 0.006800
8.990000 -0.020952 0.008871
9.000000 -0.020843 0.010921
9.010000 -0.020713 0.012951
9.020000 -0.020563 0.014958
9.030000 -0.020394 0.016939
9.040000 -0.020205 0.018894
9.050000 -0.019997 0.020820
9.060000 -0.019770 0.022715
9.070000 -0.019524 0.024579
9.080000 -0.019260 0.026408
9.090000 -0.018978 0.028202
9.100000 -0.018678 0.029959
9.110000 -0.018362 0.031677
9.120000 -0.018028 0.033355
9.130000 -0.017678 0.034991
9.140000 -0.017312 0.036584
9.150000 -0.016931 0.038132
9.160000 -0.016535 0.039635
9.170000 -0.016124 0.041090
9.180000 -0.015699 0.042497
9.190000 -0.015260 0.043854
9.200000 -0.014809 0.045161
9.210000 -0.014344 0.046416
9.220000 -0.013868 0.047618
9.230000 -0.013381 0.048767
9.240000 -0.012882 0.049861
9.250000 -0.012373 0.050900
9.260000 -0.011854 0.051883
9.270000 -0.011326 0.052809
9.280000 -0.010789 0.053677
9.290000 -0.010244 0.054488
9.300000 -0.009692 0.055240
9.310000 -0.009133 0.055933
9.320000 -0.008567 0.056567
9.330000 -0.007996 0.057140
9.340000 -0.007419 0.057654
9.350000 -0.006838 0.058108
9.360000 -0.006253 0.058501
9.370000 -0.005665 0.058834
9.380000 -0.005074 0.059106
9.390000 -0.004480 0.059318
9.400000 -0.003886 0.059470
9.410000 -0.003290 0.059561
9.420000 -0.002694 0.059592
9.430000 -0.002098 0.059563
9.440000 -0.001504 0.059475
9.450000 -0.000910 0.059328
9.460000 -0.000319 0.059123
9.470000 0.000269 0.058859
9.480000 0.000855 0.058538
9.490000 0.001436 0.058160
9.500000 0.002014 0.057725
9.510000 0.002586 0.057235
9.520000 0.003153 0.056691
9.530000 0.003714 0.056092
9.540000 0.004268 0.055440
9.550000 0.004816 0.054736
9.560000 0.005355 0.053981
9.570000 0.005887 0.053175
9.580000 0.006410 0.052321
9.590000 0.006924 0.051418
9.600000 0.007429 0.050469
9.610000 0.007924 0.049473
9.620000 0.008408 0.048434
9.630000 0.008882 0.047351
9.640000 0.009344 0.046226
9.650000 0.009795 0.045060
9.660000 0.010233 0.043855
9.670000 0.010659 0.042613
9.680000 0.011073 0.041334
9.690000 0.011473 0.040020
9.700000 0.011860 0.038672
9.710000 0.012232 0.037293
9.720000 0.012591 0.035883
9.730000 0.012936 0.034445
9.740000 0.013266 0.032979
9.750000 0.013580 0.031488
9.760000 0.013880 0.029972
9.770000 0.014164 0.028434
9.780000 0.014433 0.026876
9.790000 0.014686 0.025298
9.800000 0.014923 0.023703
9.810000 0.015144 0.022092
9.820000 0.015349 0.020467
9.830000 0.015537 0.018830
9.840000 0.015709 0.017182
9.850000 0.015864 0.015525
9.860000 0.016003 0.013861
9.870000 0.016125 0.012192
9.880000 0.016230 0.010518
9.890000 0.016318 0.008843
9.900000 0.016390 0.007167
9.910000 0.016445 0.005492
9.920000 0.016483 0.003820
9.930000 0.016505 0.002152
9.940000 0.016510 0.000491
9.950000 0.016498 -0.001162
9.960000 0.016470 -0.002806
9.970000 0.016425 -0.004439
9.980000 0.016365 -0.006060
9.990000 0.016288 -0.007666
10.000000 0.016196 -0.009256
